1000 7141124011 1063498 1084128 2619534011 541966 2811119011
4 5 8975347011 10 173514 4736
7147440011 7147441011 7628012011 7628013011
1063252 1063236 1063306 16510975011 3206324011 510106 510240 3610841
1069242 172574 1069102
2975312011 2975241011 2975446011 2975221011
13896617011 3011391011 193870011
2787 3207 3344091011 2917
549726 3508 549646 3652 3839 3510
69820 5267708011 5267723011 5267710011
4716 282840 4645 4682 6514340011
266181 265542 227640 6511980011
3568218011 10166949011 4743 4747 9473326011
1040660 679337011 7192394011 6358543011 15743631 2474936011
1040658 679255011 3887881 6358539011 2474937011
1044512 7239798011 2478435011
1044510 7239799011 2478436011
166742011 1063280 1199122 1063262
1063244 335116011 3731671 1063242
1063308 1063318 3733781 1063312 5422303011
5486428011 495362 3736561 5486429011
14554126011 267554011 3737601 1063284
3743521 11333721011 11333725011
510246 510242 510248
2422430011 2423187011 2422463011 3744341
172638 1069320 1069784 1069664
172518 172576 9424016011 14759145011
1068956 1069114 1069222
2975359011 2975413011 2975377011 2975326011
2975243011 2975259011 2975265011 2975303011
2975464011 2975448011 3048857011 7955292011
2975238011 2975222011 2975234011
565098 565108 1232597011
11041841 2243862011 172470
3015426011 3012292011 17923671011